0.09273525 0.09273525 0.09273525 0.72179425 0.07349304
0.31088592 0.31088592 0.31088592 0.06734224 0.11268793
0.09273525 0.09273525 0.72179425 0.09273525 0.07349304
0.31088592 0.31088592 0.06734224 0.31088592 0.11268793
0.09273525 0.72179425 0.09273525 0.09273525 0.07349304
0.31088592 0.06734224 0.31088592 0.31088592 0.11268793
0.72179425 0.09273525 0.09273525 0.09273525 0.07349304
0.06734224 0.31088592 0.31088592 0.31088592 0.11268793
0.04550370 0.04550370 0.45449630 0.45449630 0.04254602
0.04550370 0.45449630 0.04550370 0.45449630 0.04254602
0.45449630 0.04550370 0.04550370 0.45449630 0.04254602
0.04550370 0.45449630 0.45449630 0.04550370 0.04254602
0.45449630 0.04550370 0.45449630 0.04550370 0.04254602
0.45449630 0.45449630 0.04550370 0.04550370 0.04254602
