0.33333333 0.33333333 0.33333333 0.14431561
0.45929259 0.45929259 0.08141482 0.09509163
0.05054723 0.05054723 0.89890554 0.03245850
0.17056931 0.17056931 0.65886138 0.10321737
0.45929259 0.08141482 0.45929259 0.09509163
0.05054723 0.89890554 0.05054723 0.03245850
0.17056931 0.65886138 0.17056931 0.10321737
0.08141482 0.45929259 0.45929259 0.09509163
0.89890554 0.05054723 0.05054723 0.03245850
0.65886138 0.17056931 0.17056931 0.10321737
0.00839478 0.72849239 0.26311283 0.02723031
0.26311283 0.00839478 0.72849239 0.02723031
0.72849239 0.26311283 0.00839478 0.02723031
0.72849239 0.00839478 0.26311283 0.02723031
0.26311283 0.72849239 0.00839478 0.02723031
0.00839478 0.26311283 0.72849239 0.02723031
