0.10795272 0.10795272 0.10795272 0.67614183 0.02642665
0.18510949 0.18510949 0.18510949 0.44467154 0.05203175
0.04231654 0.04231654 0.04231654 0.87305037 0.00752526
0.31418171 0.31418171 0.31418171 0.05745487 0.04176378
0.10795272 0.10795272 0.67614183 0.10795272 0.02642665
0.18510949 0.18510949 0.44467154 0.18510949 0.05203175
0.04231654 0.04231654 0.87305037 0.04231654 0.00752526
0.31418171 0.31418171 0.05745487 0.31418171 0.04176378
0.10795272 0.67614183 0.10795272 0.10795272 0.02642665
0.18510949 0.44467154 0.18510949 0.18510949 0.05203175
0.04231654 0.87305037 0.04231654 0.04231654 0.00752526
0.31418171 0.05745487 0.31418171 0.31418171 0.04176378
0.67614183 0.10795272 0.10795272 0.10795272 0.02642665
0.44467154 0.18510949 0.18510949 0.18510949 0.05203175
0.87305037 0.04231654 0.04231654 0.04231654 0.00752526
0.05745487 0.31418171 0.31418171 0.31418171 0.04176378
0.43559133 0.43559133 0.06440867 0.06440867 0.03628093
0.43559133 0.06440867 0.43559133 0.06440867 0.03628093
0.06440867 0.43559133 0.43559133 0.06440867 0.03628093
0.43559133 0.06440867 0.06440867 0.43559133 0.03628093
0.06440867 0.43559133 0.06440867 0.43559133 0.03628093
0.06440867 0.06440867 0.43559133 0.43559133 0.03628093
0.02143393 0.02143393 0.71746406 0.23966808 0.00715690
0.20413933 0.20413933 0.58379738 0.00792395 0.01545349
0.02143393 0.71746406 0.02143393 0.23966808 0.00715690
0.20413933 0.58379738 0.20413933 0.00792395 0.01545349
0.71746406 0.02143393 0.02143393 0.23966808 0.00715690
0.58379738 0.20413933 0.20413933 0.00792395 0.01545349
0.02143393 0.71746406 0.23966808 0.02143393 0.00715690
0.20413933 0.58379738 0.00792395 0.20413933 0.01545349
0.71746406 0.02143393 0.23966808 0.02143393 0.00715690
0.58379738 0.20413933 0.00792395 0.20413933 0.01545349
0.71746406 0.23966808 0.02143393 0.02143393 0.00715690
0.58379738 0.00792395 0.20413933 0.20413933 0.01545349
0.02143393 0.02143393 0.23966808 0.71746406 0.00715690
0.20413933 0.20413933 0.00792395 0.58379738 0.01545349
0.02143393 0.23966808 0.02143393 0.71746406 0.00715690
0.20413933 0.00792395 0.20413933 0.58379738 0.01545349
0.23966808 0.02143393 0.02143393 0.71746406 0.00715690
0.00792395 0.20413933 0.20413933 0.58379738 0.01545349
0.02143393 0.23966808 0.71746406 0.02143393 0.00715690
0.20413933 0.00792395 0.58379738 0.20413933 0.01545349
0.23966808 0.02143393 0.71746406 0.02143393 0.00715690
0.00792395 0.20413933 0.58379738 0.20413933 0.01545349
0.23966808 0.71746406 0.02143393 0.02143393 0.00715690
0.00792395 0.58379738 0.20413933 0.20413933 0.01545349
