0.25000000 0.25000000 0.25000000 0.25000000 0.04739977
0.31225007 0.31225007 0.31225007 0.06324979 0.02693706
0.11430965 0.11430965 0.11430965 0.65707104 0.00986916
0.31225007 0.31225007 0.06324979 0.31225007 0.02693706
0.11430965 0.11430965 0.65707104 0.11430965 0.00986916
0.31225007 0.06324979 0.31225007 0.31225007 0.02693706
0.11430965 0.65707104 0.11430965 0.11430965 0.00986916
0.06324979 0.31225007 0.31225007 0.31225007 0.02693706
0.65707104 0.11430965 0.11430965 0.11430965 0.00986916
0.41043074 0.41043074 0.16548603 0.01365250 0.01139388
0.00613801 0.00613801 0.94298877 0.04473522 0.00036194
0.12105018 0.12105018 0.47719038 0.28070926 0.02573973
0.03277947 0.03277947 0.59425627 0.34018479 0.01013587
0.03248528 0.03248528 0.80117728 0.13385215 0.00657615
0.17497934 0.17497934 0.62807185 0.02196947 0.01290704
0.41043074 0.16548603 0.41043074 0.01365250 0.01139388
0.00613801 0.94298877 0.00613801 0.04473522 0.00036194
0.12105018 0.47719038 0.12105018 0.28070926 0.02573973
0.03277947 0.59425627 0.03277947 0.34018479 0.01013587
0.03248528 0.80117728 0.03248528 0.13385215 0.00657615
0.17497934 0.62807185 0.17497934 0.02196947 0.01290704
0.16548603 0.41043074 0.41043074 0.01365250 0.01139388
0.94298877 0.00613801 0.00613801 0.04473522 0.00036194
0.47719038 0.12105018 0.12105018 0.28070926 0.02573973
0.59425627 0.03277947 0.03277947 0.34018479 0.01013587
0.80117728 0.03248528 0.03248528 0.13385215 0.00657615
0.62807185 0.17497934 0.17497934 0.02196947 0.01290704
0.41043074 0.16548603 0.01365250 0.41043074 0.01139388
0.00613801 0.94298877 0.04473522 0.00613801 0.00036194
0.12105018 0.47719038 0.28070926 0.12105018 0.02573973
0.03277947 0.59425627 0.34018479 0.03277947 0.01013587
0.03248528 0.80117728 0.13385215 0.03248528 0.00657615
0.17497934 0.62807185 0.02196947 0.17497934 0.01290704
0.16548603 0.41043074 0.01365250 0.41043074 0.01139388
0.94298877 0.00613801 0.04473522 0.00613801 0.00036194
0.47719038 0.12105018 0.28070926 0.12105018 0.02573973
0.59425627 0.03277947 0.34018479 0.03277947 0.01013587
0.80117728 0.03248528 0.13385215 0.03248528 0.00657615
0.62807185 0.17497934 0.02196947 0.17497934 0.01290704
0.16548603 0.01365250 0.41043074 0.41043074 0.01139388
0.94298877 0.04473522 0.00613801 0.00613801 0.00036194
0.47719038 0.28070926 0.12105018 0.12105018 0.02573973
0.59425627 0.34018479 0.03277947 0.03277947 0.01013587
0.80117728 0.13385215 0.03248528 0.03248528 0.00657615
0.62807185 0.02196947 0.17497934 0.17497934 0.01290704
0.41043074 0.41043074 0.01365250 0.16548603 0.01139388
0.00613801 0.00613801 0.04473522 0.94298877 0.00036194
0.12105018 0.12105018 0.28070926 0.47719038 0.02573973
0.03277947 0.03277947 0.34018479 0.59425627 0.01013587
0.03248528 0.03248528 0.13385215 0.80117728 0.00657615
0.17497934 0.17497934 0.02196947 0.62807185 0.01290704
0.41043074 0.01365250 0.41043074 0.16548603 0.01139388
0.00613801 0.04473522 0.00613801 0.94298877 0.00036194
0.12105018 0.28070926 0.12105018 0.47719038 0.02573973
0.03277947 0.34018479 0.03277947 0.59425627 0.01013587
0.03248528 0.13385215 0.03248528 0.80117728 0.00657615
0.17497934 0.02196947 0.17497934 0.62807185 0.01290704
0.01365250 0.41043074 0.41043074 0.16548603 0.01139388
0.04473522 0.00613801 0.00613801 0.94298877 0.00036194
0.28070926 0.12105018 0.12105018 0.47719038 0.02573973
0.34018479 0.03277947 0.03277947 0.59425627 0.01013587
0.13385215 0.03248528 0.03248528 0.80117728 0.00657615
0.02196947 0.17497934 0.17497934 0.62807185 0.01290704
0.41043074 0.01365250 0.16548603 0.41043074 0.01139388
0.00613801 0.04473522 0.94298877 0.00613801 0.00036194
0.12105018 0.28070926 0.47719038 0.12105018 0.02573973
0.03277947 0.34018479 0.59425627 0.03277947 0.01013587
0.03248528 0.13385215 0.80117728 0.03248528 0.00657615
0.17497934 0.02196947 0.62807185 0.17497934 0.01290704
0.01365250 0.41043074 0.16548603 0.41043074 0.01139388
0.04473522 0.00613801 0.94298877 0.00613801 0.00036194
0.28070926 0.12105018 0.47719038 0.12105018 0.02573973
0.34018479 0.03277947 0.59425627 0.03277947 0.01013587
0.13385215 0.03248528 0.80117728 0.03248528 0.00657615
0.02196947 0.17497934 0.62807185 0.17497934 0.01290704
0.01365250 0.16548603 0.41043074 0.41043074 0.01139388
0.04473522 0.94298877 0.00613801 0.00613801 0.00036194
0.28070926 0.47719038 0.12105018 0.12105018 0.02573973
0.34018479 0.59425627 0.03277947 0.03277947 0.01013587
0.13385215 0.80117728 0.03248528 0.03248528 0.00657615
0.02196947 0.62807185 0.17497934 0.17497934 0.01290704
